Date,Total Rainfall,Rainfall Anomaly,Temperature Anomaly
1900-03-01,148.87,-71.37,
1900-06-01,108.97,26.830000000000002,
1900-09-01,65.22,7.95,
1900-12-01,52.94,-53.449999999999996,
1901-03-01,224.14999999999998,3.9099999999999966,
1901-06-01,66.14,-16.0,
1901-09-01,60.010000000000005,2.74,
1901-12-01,54.62,-51.769999999999996,
1902-03-01,154.32999999999998,-65.91,
1902-06-01,29.21,-52.93,
1902-09-01,33.28,-23.990000000000002,
1902-12-01,102.7,-3.6900000000000004,
1903-03-01,197.18,-23.059999999999995,
1903-06-01,100.55,18.41,
1903-09-01,71.67,14.4,
1903-12-01,150.88,44.49,
1904-03-01,229.45,9.21,
1904-06-01,100.85000000000001,18.71,
1904-09-01,71.22,13.95,
1904-12-01,104.31,-2.080000000000001,
1905-03-01,127.60999999999999,-92.63,
1905-06-01,93.69,11.55,
1905-09-01,41.92,-15.350000000000001,
1905-12-01,69.3,-37.09,
1906-03-01,197.04000000000002,-23.200000000000003,
1906-06-01,58.11,-24.029999999999998,
1906-09-01,91.14,33.87,
1906-12-01,144.64000000000001,38.25,
1907-03-01,201.04,-19.2,
1907-06-01,75.24000000000001,-6.899999999999999,
1907-09-01,46.88,-10.39,
1907-12-01,137.43,31.040000000000003,
1908-03-01,221.35000000000002,1.1100000000000012,
1908-06-01,89.36,7.220000000000001,
1908-09-01,57.47,0.20000000000000018,
1908-12-01,89.85000000000001,-16.54,
1909-03-01,164.89000000000001,-55.35,
1909-06-01,101.36,19.22,
1909-09-01,65.46,8.190000000000001,
1909-12-01,111.31,4.92,
1910-03-01,234.31,14.069999999999999,-0.7933333333333333
1910-06-01,99.37,17.229999999999997,-0.006666666666666672
1910-09-01,59.49,2.2200000000000006,0.3833333333333333
1910-12-01,142.39,36.0,-1.5433333333333332
1911-03-01,200.4,-19.84,-0.8466666666666667
1911-06-01,74.82000000000001,-7.32,-1.23
1911-09-01,46.4,-10.870000000000001,-0.38666666666666666
1911-12-01,115.31,8.92,-0.21666666666666667
1912-03-01,180.82,-39.42,0.3333333333333333
1912-06-01,64.69999999999999,-17.44,-0.7133333333333334
1912-09-01,56.94,-0.3300000000000005,-0.09000000000000001
1912-12-01,82.34,-24.05,-0.3433333333333333
1913-03-01,242.0,21.76,-0.9700000000000001
1913-06-01,74.23,-7.91,-1.72
1913-09-01,40.04,-17.23,-0.69
1913-12-01,88.65,-17.739999999999995,-0.06666666666666667
1914-03-01,190.29,-29.949999999999996,0.10333333333333333
1914-06-01,70.14,-12.0,-0.04
1914-09-01,29.19,-28.08,-0.07333333333333335
1914-12-01,135.4,29.009999999999998,0.51
1915-03-01,159.94,-60.300000000000004,0.07666666666666667
1915-06-01,80.0,-2.139999999999999,-0.05000000000000001
1915-09-01,58.519999999999996,1.25,0.4566666666666667
1915-12-01,83.38,-23.01,-0.18000000000000002
1916-03-01,185.1,-35.14,-0.12666666666666668
1916-06-01,79.81,-2.3299999999999983,-0.18666666666666668
1916-09-01,77.85,20.58,-0.1433333333333333
1916-12-01,187.82999999999998,81.44,-1.83
1917-03-01,265.87,45.629999999999995,-1.873333333333333
1917-06-01,63.94,-18.2,-1.8333333333333333
1917-09-01,86.16,28.89,-0.10999999999999999
1917-12-01,162.04000000000002,55.650000000000006,-1.1266666666666667
1918-03-01,259.93,39.69,-1.3333333333333333
1918-06-01,64.83,-17.31,-0.34
1918-09-01,46.88,-10.39,-0.5599999999999999
1918-12-01,59.2,-47.19,0.08
1919-03-01,177.59,-42.650000000000006,-0.35000000000000003
1919-06-01,64.39,-17.75,0.19999999999999998
1919-09-01,37.7,-19.57,-0.5399999999999999
1919-12-01,86.34,-20.05,0.09666666666666669
1920-03-01,162.42000000000002,-57.82000000000001,-0.7600000000000001
1920-06-01,98.48,16.34,-0.49
1920-09-01,95.47,38.2,-0.18333333333333335
1920-12-01,158.19,51.8,-0.6900000000000001
1921-03-01,244.54,24.299999999999997,-0.71
1921-06-01,128.46,46.31999999999999,0.48
1921-09-01,65.93,8.66,-0.20999999999999996
1921-12-01,111.5,5.110000000000001,-0.4633333333333334
1922-03-01,188.87,-31.369999999999997,-0.3566666666666667
1922-06-01,62.019999999999996,-20.12,-0.08666666666666667
1922-09-01,45.85,-11.42,-1.1433333333333333
1922-12-01,119.47,13.080000000000002,-0.26999999999999996
1923-03-01,144.06,-76.17999999999999,0.3766666666666667
1923-06-01,113.64,31.499999999999996,0.15333333333333335
1923-09-01,47.12,-10.15,-1.22
1923-12-01,106.51,0.120000000000001,-0.82
1924-03-01,174.86,-45.379999999999995,-1.0366666666666666
1924-06-01,51.05,-31.090000000000003,-0.9700000000000001
1924-09-01,56.21,-1.06,0.24
1924-12-01,127.16,20.770000000000003,-0.9533333333333333
1925-03-01,247.07,26.83,-0.9500000000000001
1925-06-01,63.519999999999996,-18.62,-0.4666666666666666
1925-09-01,43.43,-13.84,-1.5333333333333332
1925-12-01,67.35,-39.04,-0.11000000000000003
1926-03-01,184.85000000000002,-35.39,0.18999999999999995
1926-06-01,79.67,-2.4699999999999998,-0.77
1926-09-01,51.93,-5.340000000000001,0.13999999999999999
1926-12-01,97.25999999999999,-9.129999999999995,-0.2066666666666667
1927-03-01,208.85000000000002,-11.39,-0.5966666666666667
1927-06-01,60.040000000000006,-22.1,-0.8633333333333333
1927-09-01,43.47,-13.8,-0.3766666666666667
1927-12-01,105.37,-1.02,-0.19666666666666668
1928-03-01,180.77,-39.47,-0.2733333333333334
1928-06-01,60.5,-21.64,-0.26
1928-09-01,34.41,-22.86,0.8333333333333334
1928-12-01,84.71000000000001,-21.68,0.31333333333333335
1929-03-01,193.88,-26.36,-0.19333333333333333
1929-06-01,73.73,-8.41,-1.4366666666666668
1929-09-01,31.560000000000002,-25.71,-1.16
1929-12-01,79.30000000000001,-27.090000000000003,-0.6133333333333333
1930-03-01,215.57,-4.6700000000000035,-0.29
1930-06-01,75.55000000000001,-6.59,-0.32
1930-09-01,50.660000000000004,-6.61,0.18333333333333332
1930-12-01,149.16,42.769999999999996,-0.5366666666666667
1931-03-01,164.93,-55.31,-0.5633333333333334
1931-06-01,119.65,37.510000000000005,-0.4366666666666667
1931-09-01,49.81,-7.459999999999999,-0.16666666666666666
1931-12-01,101.53,-4.859999999999999,-1.1666666666666667
1932-03-01,151.8,-68.44,0.20999999999999996
1932-06-01,79.66,-2.48,-0.6133333333333333
1932-09-01,51.42,-5.85,-0.7433333333333333
1932-12-01,103.25999999999999,-3.13,-0.5366666666666667
1933-03-01,158.52,-61.72,0.03666666666666666
1933-06-01,73.97,-8.17,-0.08666666666666667
1933-09-01,77.88,20.61,-0.7633333333333333
1933-12-01,134.14,27.75,-0.9633333333333334
1934-03-01,209.07999999999998,-11.16,-0.006666666666666672
1934-06-01,72.19,-9.95,-0.32
1934-09-01,58.97,1.700000000000001,-0.2333333333333333
1934-12-01,98.34,-8.05,-0.8833333333333333
1935-03-01,168.97,-51.27,-0.3633333333333333
1935-06-01,52.760000000000005,-29.380000000000003,-1.3
1935-09-01,59.650000000000006,2.38,-0.24666666666666667
1935-12-01,68.32,-38.07,-0.07333333333333333
1936-03-01,198.27,-21.97,-0.10666666666666667
1936-06-01,63.18,-18.96,-0.9566666666666667
1936-09-01,49.82,-7.450000000000001,0.58
1936-12-01,93.21000000000001,-13.180000000000001,-0.07333333333333333
1937-03-01,214.32,-5.92,-0.6333333333333334
1937-06-01,48.870000000000005,-33.27,-0.77
1937-09-01,35.51,-21.759999999999998,-0.44333333333333336
1937-12-01,87.11000000000001,-19.28,0.3933333333333333
1938-03-01,182.05,-38.19,-0.25999999999999995
1938-06-01,60.07,-22.07,0.48666666666666664
1938-09-01,47.1,-10.17,-0.2833333333333333
1938-12-01,74.47999999999999,-31.909999999999997,0.7666666666666666
1939-03-01,247.32,27.08,-0.08666666666666668
1939-06-01,89.52,7.380000000000001,-0.07
1939-09-01,63.9,6.629999999999999,-1.2533333333333332
1939-12-01,91.64999999999999,-14.739999999999998,-1.0633333333333332
1940-03-01,245.09,24.85,-0.24000000000000002
1940-06-01,44.85,-37.29,-0.8366666666666666
1940-09-01,32.55,-24.72,-0.06
1940-12-01,72.93,-33.46,0.25
1941-03-01,261.18,40.94,-1.2666666666666666
1941-06-01,84.78999999999999,2.6500000000000004,-0.32333333333333336
1941-09-01,39.49,-17.78,-0.3866666666666667
1941-12-01,94.93,-11.46,-0.22
1942-03-01,226.98,6.74,-0.19000000000000003
1942-06-01,104.28999999999999,22.150000000000002,0.5499999999999999
1942-09-01,48.81,-8.46,0.45999999999999996
1942-12-01,150.72,44.33,-0.52
1943-03-01,180.68,-39.56,-0.12000000000000004
1943-06-01,66.47,-15.67,-1.14
1943-09-01,54.22,-3.05,-0.6433333333333334
1943-12-01,88.16,-18.23,-0.6166666666666666
1944-03-01,191.55,-28.69,-0.3666666666666667
1944-06-01,53.4,-28.740000000000002,-1.3
1944-09-01,46.44,-10.83,0.046666666666666634
1944-12-01,89.17,-17.22,0.010000000000000009
1945-03-01,186.82,-33.42,-0.6033333333333334
1945-06-01,70.62,-11.519999999999996,0.2066666666666667
1945-09-01,57.2,-0.07000000000000028,-0.003333333333333355
1945-12-01,95.33,-11.06,-0.8266666666666667
1946-03-01,241.93,21.689999999999998,-1.04
1946-06-01,39.71,-42.43,-1.2666666666666666
1946-09-01,42.71,-14.560000000000002,-0.10333333333333333
1946-12-01,82.75999999999999,-23.63,-0.5333333333333333
1947-03-01,236.38,16.139999999999997,0.2733333333333333
1947-06-01,51.010000000000005,-31.130000000000003,-0.12999999999999998
1947-09-01,84.97,27.7,-0.14666666666666667
1947-12-01,127.78,21.39,-1.04
1948-03-01,171.89999999999998,-48.34,-0.5933333333333334
1948-06-01,83.85,1.7100000000000009,-0.8433333333333334
1948-09-01,44.18,-13.09,-0.07
1948-12-01,85.55000000000001,-20.84,-0.3566666666666667
1949-03-01,227.91,7.670000000000002,-1.2166666666666668
1949-06-01,64.02,-18.119999999999997,-1.72
1949-09-01,46.8,-10.469999999999999,-0.3566666666666667
1949-12-01,138.22,31.83,-0.5066666666666667
1950-03-01,245.7,25.46,-0.7000000000000001
1950-06-01,116.81,34.67,-0.46
1950-09-01,63.34,6.069999999999999,-0.22666666666666666
1950-12-01,201.64,95.25,-1.03
1951-03-01,191.42,-28.82,-0.18666666666666668
1951-06-01,80.34,-1.7999999999999972,-0.7333333333333334
1951-09-01,45.25,-12.02,-0.5833333333333334
1951-12-01,52.26,-54.129999999999995,-0.20333333333333337
1952-03-01,130.3,-89.94,-0.033333333333333326
1952-06-01,97.66,15.52,-0.42333333333333334
1952-09-01,52.019999999999996,-5.25,-0.44333333333333336
1952-12-01,104.03,-2.3599999999999994,-0.8300000000000001
1953-03-01,213.36,-6.879999999999999,-0.7600000000000001
1953-06-01,72.75,-9.39,0.006666666666666672
1953-09-01,49.400000000000006,-7.869999999999999,-0.7799999999999999
1953-12-01,90.62,-15.77,-0.26
1954-03-01,196.15,-24.09,-0.5333333333333333
1954-06-01,90.35,8.21,-0.5333333333333333
1954-09-01,50.160000000000004,-7.109999999999999,-0.08666666666666666
1954-12-01,123.89,17.5,-0.3466666666666667
1955-03-01,265.16999999999996,44.92999999999999,-0.12333333333333334
1955-06-01,134.94,52.800000000000004,-0.44999999999999996
1955-09-01,77.96000000000001,20.69,0.2866666666666667
1955-12-01,95.11,-11.279999999999998,-0.96
1956-03-01,289.87,69.63,-0.49
1956-06-01,117.89,35.75,-0.9133333333333332
1956-09-01,76.49,19.22,-1.1033333333333333
1956-12-01,117.05,10.66,-1.14
1957-03-01,193.66,-26.580000000000002,-0.4466666666666666
1957-06-01,66.09,-16.049999999999997,0.8866666666666667
1957-09-01,38.9,-18.369999999999997,-0.7733333333333334
1957-12-01,90.03,-16.36,0.48666666666666664
1958-03-01,167.35,-52.89,0.1366666666666667
1958-06-01,82.07,-0.07000000000000028,1.1233333333333333
1958-09-01,70.6,13.33,-0.35000000000000003
1958-12-01,98.53999999999999,-7.8500000000000005,-0.36000000000000004
1959-03-01,187.82999999999998,-32.410000000000004,0.30333333333333334
1959-06-01,83.11,0.9699999999999998,0.09999999999999999
1959-09-01,42.2,-15.07,0.4066666666666667
1959-12-01,101.22999999999999,-5.16,0.15666666666666673
1960-03-01,220.85,0.6099999999999994,-0.15333333333333332
1960-06-01,79.46000000000001,-2.6800000000000015,-1.3366666666666667
1960-09-01,60.650000000000006,3.38,-0.6633333333333332
1960-12-01,97.44,-8.95,-0.4733333333333334
1961-03-01,141.17000000000002,-79.07,0.023333333333333334
1961-06-01,64.19,-17.95,2.7755575615628914e-17
1961-09-01,38.85,-18.419999999999998,-0.31
1961-12-01,91.93,-14.46,0.47333333333333333
1962-03-01,225.72,5.479999999999997,-0.4066666666666667
1962-06-01,63.27,-18.87,0.05333333333333338
1962-09-01,51.31,-5.96,-0.13666666666666666
1962-12-01,96.12,-10.27,0.060000000000000005
1963-03-01,246.57,26.330000000000002,-0.06333333333333331
1963-06-01,111.92,29.78,-0.29666666666666663
1963-09-01,51.16,-6.11,-0.19666666666666668
1963-12-01,65.93,-40.46,0.03
1964-03-01,167.21,-53.03,-0.31
1964-06-01,78.59,-3.55,0.026666666666666672
1964-09-01,73.75999999999999,16.49,0.49666666666666665
1964-12-01,106.43,0.040000000000000924,-1.1199999999999999
1965-03-01,133.95,-86.29,0.3466666666666667
1965-06-01,56.92,-25.22,0.07666666666666666
1965-09-01,51.519999999999996,-5.749999999999999,0.09999999999999998
1965-12-01,103.33,-3.0600000000000005,0.44333333333333336
1966-03-01,171.44,-48.8,-0.17333333333333334
1966-06-01,68.31,-13.829999999999998,-0.10000000000000003
1966-09-01,57.92,0.6500000000000006,-0.6766666666666666
1966-12-01,99.89,-6.500000000000001,-1.0599999999999998
1967-03-01,267.7,47.459999999999994,-0.8466666666666667
1967-06-01,59.480000000000004,-22.660000000000004,0.19000000000000003
1967-09-01,34.56,-22.71,-0.7000000000000001
1967-12-01,67.14,-39.25,0.4833333333333334
1968-03-01,263.26,43.019999999999996,0.25333333333333335
1968-06-01,146.14,64.0,-0.2333333333333333
1968-09-01,62.94,5.67,-1.0733333333333335
1968-12-01,72.2,-34.19,-0.48666666666666664
1969-03-01,212.25,-7.989999999999999,0.22333333333333338
1969-06-01,57.519999999999996,-24.62,-0.31333333333333335
1969-09-01,42.67,-14.6,-0.16
1969-12-01,98.36,-8.03,0.11666666666666668
1970-03-01,136.8,-83.44,0.24666666666666667
1970-06-01,71.68,-10.46,0.020000000000000018
1970-09-01,53.33,-3.9399999999999995,-0.63
1970-12-01,118.6,12.209999999999999,-0.04000000000000001
1971-03-01,224.69,4.449999999999999,0.3666666666666667
1971-06-01,81.4,-0.7400000000000011,-0.7999999999999999
1971-09-01,56.6,-0.6700000000000004,0.06666666666666665
1971-12-01,123.64,17.25,-0.5066666666666667
1972-03-01,209.39999999999998,-10.84,-0.66
1972-06-01,40.29,-41.85,0.023333333333333355
1972-09-01,42.239999999999995,-15.03,0.38999999999999996
1972-12-01,70.33,-36.06,0.8533333333333334
1973-03-01,264.39,44.15,0.4466666666666667
1973-06-01,94.42,12.28,1.0033333333333334
1973-09-01,93.75999999999999,36.49,0.8966666666666666
1973-12-01,188.54,82.15,-0.21999999999999997
1974-03-01,426.18,205.94,-0.8799999999999999
1974-06-01,123.39,41.25,-0.7433333333333333
1974-09-01,84.94,27.67,-0.10333333333333332
1974-12-01,126.06,19.669999999999998,-1.0666666666666667
1975-03-01,246.07,25.83,-0.68
1975-06-01,66.58,-15.559999999999999,-0.19666666666666666
1975-09-01,75.85,18.580000000000002,0.8133333333333334
1975-12-01,205.28,98.89,-0.82
1976-03-01,325.62,105.38,-1.0466666666666666
1976-06-01,35.71,-46.43,-0.7866666666666666
1976-09-01,40.46,-16.810000000000002,-0.47666666666666674
1976-12-01,121.16,14.77,-0.6966666666666667
1977-03-01,262.79,42.55,-0.016666666666666663
1977-06-01,79.74,-2.3999999999999995,-0.5433333333333333
1977-09-01,27.73,-29.54,-0.12333333333333334
1977-12-01,99.6,-6.789999999999999,0.5499999999999999
1978-03-01,197.78,-22.459999999999997,0.3833333333333333
1978-06-01,100.45,18.31,0.033333333333333326
1978-09-01,110.9,53.63,-0.8966666666666666
1978-12-01,108.26,1.87,-0.7566666666666667
1979-03-01,237.07999999999998,16.84,0.48333333333333334
1979-06-01,82.13,-0.010000000000000675,-0.02666666666666669
1979-09-01,54.69,-2.58,0.19333333333333333
1979-12-01,77.91,-28.479999999999997,0.8433333333333334
1980-03-01,210.74,-9.5,0.5366666666666667
1980-06-01,91.74,9.6,0.8066666666666666
1980-09-01,42.85,-14.419999999999998,0.86
1980-12-01,84.42,-21.97,0.7433333333333333
1981-03-01,269.64,49.400000000000006,-0.12333333333333334
1981-06-01,84.3,2.16,0.59
1981-09-01,55.46,-1.8100000000000005,0.8766666666666666
1981-12-01,117.94,11.55,-0.25
1982-03-01,271.11,50.870000000000005,-0.03333333333333336
1982-06-01,43.9,-38.24,-0.58
1982-09-01,31.14,-26.13,0.05333333333333331
1982-12-01,68.99,-37.4,0.4166666666666667
1983-03-01,185.63,-34.61,0.8133333333333334
1983-06-01,133.3,51.16,-0.3166666666666667
1983-09-01,52.54,-4.7299999999999995,0.57
1983-12-01,121.52000000000001,15.13,0.24666666666666667
1984-03-01,296.78999999999996,76.55,-1.03
1984-06-01,54.76,-27.38,0.06
1984-09-01,93.12,35.85,-0.66
1984-12-01,101.78,-4.61,0.09000000000000001
1985-03-01,148.70999999999998,-71.53,0.9033333333333333
1985-06-01,71.18,-10.96,-0.16666666666666666
1985-09-01,54.239999999999995,-3.0300000000000002,0.19999999999999996
1985-12-01,123.4,17.009999999999998,-0.09999999999999999
1986-03-01,136.56,-83.68,0.7599999999999999
1986-06-01,71.43,-10.71,0.62
1986-09-01,85.61,28.34,-0.1433333333333333
1986-12-01,92.34,-14.05,-0.36333333333333334
1987-03-01,222.26,2.020000000000003,-0.45
1987-06-01,65.97,-16.17,0.5833333333333334
1987-09-01,40.57,-16.7,0.13333333333333333
1987-12-01,121.28,14.89,0.4533333333333333
1988-03-01,139.8,-80.44,0.5466666666666666
1988-06-01,102.91,20.77,0.8933333333333332
1988-09-01,65.97,8.700000000000001,0.9833333333333334
1988-12-01,145.57999999999998,39.19,0.5133333333333333
1989-03-01,209.53,-10.710000000000008,0.06333333333333334
1989-06-01,133.4,51.26,0.11333333333333336
1989-09-01,38.21,-19.06,-0.40666666666666673
1989-12-01,99.16,-7.2299999999999995,0.14333333333333334
1990-03-01,156.16,-64.08,0.3833333333333333
1990-06-01,129.09,46.95,0.21
1990-09-01,53.36,-3.9099999999999997,0.15666666666666665
1990-12-01,74.56,-31.83,1.1366666666666667
1991-03-01,266.56,46.32,0.47000000000000003
1991-06-01,66.95,-15.19,0.8933333333333332
1991-09-01,44.95,-12.32,0.49666666666666665
1991-12-01,82.35,-24.04,0.5166666666666667
1992-03-01,161.47,-58.77,0.3833333333333333
1992-06-01,97.11,14.969999999999999,0.58
1992-09-01,68.91,11.64,0.3
1992-12-01,120.42,14.030000000000001,-0.7766666666666667
1993-03-01,220.22,-0.020000000000003126,0.10666666666666665
1993-06-01,63.86,-18.28,0.6833333333333335
1993-09-01,72.8,15.530000000000001,0.6366666666666667
1993-12-01,131.07999999999998,24.689999999999998,-0.19999999999999998
1994-03-01,192.18,-28.060000000000002,-0.05666666666666668
1994-06-01,36.89,-45.25,0.10333333333333332
1994-09-01,23.68,-33.589999999999996,0.07666666666666666
1994-12-01,85.93,-20.46,0.6
1995-03-01,264.92,44.68,-0.31333333333333335
1995-06-01,80.2,-1.94,-0.16333333333333333
1995-09-01,47.120000000000005,-10.150000000000002,1.0266666666666666
1995-12-01,125.91,19.520000000000003,0.09333333333333332
1996-03-01,178.12,-42.12,0.24666666666666667
1996-06-01,85.37,3.2300000000000004,0.9166666666666666
1996-09-01,81.30000000000001,24.03,0.9033333333333333
1996-12-01,117.47,11.080000000000002,0.3333333333333333
1997-03-01,271.2,50.96000000000001,-0.06333333333333334
1997-06-01,64.65,-17.490000000000002,0.07333333333333333
1997-09-01,52.84,-4.43,0.3133333333333334
1997-12-01,125.47999999999999,19.09,0.8766666666666666
1998-03-01,174.39000000000001,-45.849999999999994,1.2666666666666666
1998-06-01,107.89,25.75,0.9633333333333334
1998-09-01,105.44,48.17,1.21
1998-12-01,161.14000000000001,54.75,0.4266666666666667
1999-03-01,270.4,50.16,0.5866666666666667
1999-06-01,77.22999999999999,-4.91,0.21000000000000005
1999-09-01,43.29,-13.98,1.05
1999-12-01,187.85,81.46,-0.5833333333333334
2000-03-01,343.65,123.41,-0.34
2000-06-01,111.1,28.959999999999997,-0.7133333333333333
2000-09-01,40.040000000000006,-17.23,0.9133333333333334
2000-12-01,215.77999999999997,109.39,-0.009999999999999995
2001-03-01,287.25,67.01,0.25
2001-06-01,58.66,-23.48,0.15333333333333335
2001-09-01,52.44,-4.83,0.5133333333333333
2001-12-01,144.45,38.06,-0.7366666666666667
2002-03-01,200.66,-19.58,-0.22999999999999998
2002-06-01,38.6,-43.54,1.1966666666666665
2002-09-01,30.189999999999998,-27.080000000000002,0.6566666666666666
2002-12-01,63.089999999999996,-43.3,1.21
2003-03-01,228.74,8.5,0.43
2003-06-01,62.84,-19.3,0.9233333333333335
2003-09-01,52.23,-5.04,0.9666666666666667
2003-12-01,126.1,19.71,0.45
2004-03-01,264.99,44.75,0.52
2004-06-01,74.54,-7.600000000000001,0.5766666666666667
2004-09-01,46.27,-11.0,0.08666666666666667
2004-12-01,105.78,-0.6100000000000003,0.9500000000000001
2005-03-01,135.92,-84.32,0.8133333333333334
2005-06-01,71.46000000000001,-10.68,1.7433333333333334
2005-09-01,64.32,7.050000000000001,0.9899999999999999
2005-12-01,122.6,16.21,1.0833333333333333
2006-03-01,279.77,59.53,0.7933333333333333
2006-06-01,88.83000000000001,6.690000000000003,-0.8733333333333334
2006-09-01,44.28,-12.99,0.8466666666666667
2006-12-01,69.18,-37.21,1.2233333333333334
2007-03-01,252.01,31.77,0.9
2007-06-01,78.48,-3.66,0.46
2007-09-01,34.0,-23.27,0.9066666666666666
2007-12-01,131.16,24.77,0.7600000000000001
2008-03-01,218.58999999999997,-1.649999999999995,0.44
2008-06-01,43.93,-38.21,0.33
2008-09-01,54.52,-2.7500000000000004,0.36000000000000004
2008-12-01,154.38,47.99,0.6466666666666666
2009-03-01,240.53,20.29,0.5566666666666666
2009-06-01,65.83,-16.31,0.47333333333333333
2009-09-01,40.52,-16.75,1.57
2009-12-01,105.81,-0.5800000000000001,1.1166666666666667
2010-03-01,263.68,43.44,0.6533333333333333
2010-06-01,83.33,1.1899999999999995,0.7799999999999999
2010-09-01,110.43,53.160000000000004,0.39000000000000007
2010-12-01,226.26,119.87,-0.48666666666666664
2011-03-01,399.51,179.27,-0.013333333333333345
2011-06-01,74.35,-7.79,-0.86
2011-09-01,49.17,-8.1,0.6533333333333333
2011-12-01,173.67,67.28,0.21000000000000005
2012-03-01,281.31,61.07,-0.3766666666666667
2012-06-01,60.41,-21.73,-0.3066666666666667
2012-09-01,37.98,-19.29,0.4166666666666667
2012-12-01,92.13999999999999,-14.25,1.2233333333333334
2013-03-01,195.68,-24.560000000000002,1.1866666666666668
2013-06-01,85.09,2.950000000000001,1.09
2013-09-01,44.31,-12.959999999999999,2.0566666666666666
2013-12-01,97.53,-8.860000000000001,1.01
2014-03-01,248.53,28.290000000000003,0.6733333333333333
2014-06-01,78.44,-3.7,1.1300000000000001
2014-09-01,42.01,-15.26,0.6433333333333334
2014-12-01,104.4,-1.9899999999999984,1.7233333333333334
2015-03-01,198.66,-21.580000000000002,0.9966666666666667
2015-06-01,70.66,-11.48,0.21000000000000005
2015-09-01,39.34,-17.93,0.49333333333333335
2015-12-01,128.07999999999998,21.69,2.06
2016-03-01,181.20999999999998,-39.029999999999994,1.2066666666666668
2016-06-01,104.31,22.17,1.7966666666666666
2016-09-01,109.38,52.11,0.5533333333333333
2016-12-01,137.19,30.8,0.3666666666666667
2017-03-01,283.66,63.42,1.07
2017-06-01,49.53,-32.61,0.46
2017-09-01,38.19,-19.08,1.4366666666666668
2017-12-01,123.06,16.669999999999998,1.21
2018-03-01,235.60999999999999,15.37,1.1
2018-06-01,35.64,-46.5,1.0
2018-09-01,30.29,-26.979999999999997,0.68
2018-12-01,104.31,-2.080000000000002,1.6466666666666665
2019-03-01,158.3,-61.94,2.08
2019-06-01,54.03,-28.11,0.75
2019-09-01,25.88,-31.39,1.0
2019-12-01,37.5,-68.89,2.19
2020-03-01,229.49,9.25,0.9766666666666666
2020-06-01,53.64,-28.5,0.7066666666666667
2020-09-01,49.3,-7.970000000000001,1.6166666666666665
2020-12-01,154.16000000000003,47.769999999999996,1.2166666666666668
2021-03-01,245.9,25.66,0.05333333333333334
2021-06-01,63.91,-18.23,0.3433333333333333
2021-09-01,47.39,-9.88,1.3766666666666667
2021-12-01,150.54000000000002,44.15,0.4566666666666667
2022-03-01,212.56,-7.68,0.9400000000000001
2022-06-01,98.61,16.47,1.04
2022-09-01,83.34,26.07,0.4166666666666667
2022-12-01,195.19,88.8,-0.38999999999999996
2023-03-01,257.36,37.12,0.51
2023-06-01,78.7,-3.4399999999999995,0.013333333333333345
2023-09-01,32.02,-8.729999999999999,1.74
2023-12-01,0.0,0.0,
