190001190012 -90.04
190101190112 -61.12
190201190212 -146.51
190301190312 54.24
190401190412 39.79
190501190512 -133.51
190601190612 24.90
190701190712 -5.45
190801190812 -8.01
190901190912 -23.01
191001191012 69.53
191101191112 -29.10
191201191212 -81.24
191301191312 -21.11
191401191412 -41.01
191501191512 -84.19
191601191612 64.56
191701191712 111.97
191801191812 -35.19
191901191912 -100.01
192001192012 48.53
192101192112 84.39
192201192212 -49.83
192301192312 -54.71
192401192412 -56.76
192501192512 -44.67
192601192612 -52.33
192701192712 -48.31
192801192812 -105.64
192901192912 -87.57
193001193012 24.91
193101193112 -30.11
193201193212 -79.89
193301193312 -21.52
193401193412 -27.45
193501193512 -116.33
193601193612 -61.56
193701193712 -80.22
193801193812 -102.33
193901193912 26.35
194001194012 -70.61
194101194112 14.35
194201194212 64.76
194301194312 -76.50
194401194412 -85.47
194501194512 -56.06
194601194612 -58.92
194701194712 34.10
194801194812 -80.56
194901194912 10.91
195001195012 161.46
195101195112 -96.76
195201195212 -82.03
195301195312 -39.90
195401195412 -5.49
195501195512 107.14
195601195612 135.26
195701195712 -77.36
195801195812 -47.47
195901195912 -51.67
196001196012 -7.64
196101196112 -129.90
196201196212 -29.61
196301196312 9.55
196401196412 -40.04
196501196512 -120.32
196601196612 -68.47
196701196712 -37.15
196801196812 78.50
196901196912 -55.24
197001197012 -85.63
197101197112 20.30
197201197212 -103.78
197301197312 175.07
197401197412 294.54
197501197512 127.75
197601197612 56.92
197701197712 3.83
197801197812 51.35
197901197912 -14.23
198001198012 -36.28
198101198112 61.31
198201198212 -50.90
198301198312 26.95
198401198412 80.42
198501198512 -68.50
198601198612 -80.10
198701198712 -15.95
198801198812 -11.77
198901198912 14.27
199001199012 -52.87
199101199112 -5.22
199201199212 -18.13
199301199312 21.92
199401199412 -127.36
199501199512 52.12
199601199612 -3.78
199701199712 48.13
199801199812 82.82
199901199912 112.74
200001200012 244.54
200101200112 76.76
200201200212 -133.49
200301200312 3.88
200401200412 25.55
200501200512 -71.74
200601200612 16.02
200701200712 29.61
200801200812 5.39
200901200912 -13.35
201001201012 217.66
201101201112 230.66
201201201212 5.80
201301201312 -43.42
201401201412 7.34
201501201512 -29.30
201601201612 66.06
201701201712 28.41
201801201812 -60.19
201901201912 -190.32
202001202012 20.56
202101202112 41.71
202201202212 123.18
