190001190012 376.00
190101190112 404.92
190201190212 319.52
190301190312 520.28
190401190412 505.83
190501190512 332.52
190601190612 490.93
190701190712 460.59
190801190812 458.03
190901190912 443.02
191001191012 535.56
191101191112 436.93
191201191212 384.80
191301191312 444.92
191401191412 425.02
191501191512 381.84
191601191612 530.59
191701191712 578.01
191801191812 430.84
191901191912 366.02
192001192012 514.56
192101192112 550.43
192201192212 416.21
192301192312 411.33
192401192412 409.28
192501192512 421.37
192601192612 413.71
192701192712 417.73
192801192812 360.39
192901192912 378.47
193001193012 490.94
193101193112 435.92
193201193212 386.14
193301193312 444.51
193401193412 438.58
193501193512 349.70
193601193612 404.48
193701193712 385.81
193801193812 363.70
193901193912 492.39
194001194012 395.42
194101194112 480.39
194201194212 530.80
194301194312 389.53
194401194412 380.56
194501194512 409.97
194601194612 407.11
194701194712 500.14
194801194812 385.48
194901194912 476.95
195001195012 627.49
195101195112 369.27
195201195212 384.01
195301195312 426.13
195401195412 460.55
195501195512 573.18
195601195612 601.30
195701195712 388.68
195801195812 418.56
195901195912 414.37
196001196012 458.40
196101196112 336.14
196201196212 436.42
196301196312 475.58
196401196412 425.99
196501196512 345.72
196601196612 397.56
196701196712 428.88
196801196812 544.54
196901196912 410.80
197001197012 380.41
197101197112 486.33
197201197212 362.26
197301197312 641.11
197401197412 760.57
197501197512 593.78
197601197612 522.95
197701197712 469.86
197801197812 517.39
197901197912 451.81
198001198012 429.75
198101198112 527.34
198201198212 415.14
198301198312 492.99
198401198412 546.45
198501198512 397.53
198601198612 385.94
198701198712 450.08
198801198812 454.26
198901198912 480.30
199001199012 413.17
199101199112 460.81
199201199212 447.91
199301199312 487.96
199401199412 338.68
199501199512 518.15
199601199612 462.26
199701199712 514.17
199801199812 548.86
199901199912 578.77
200001200012 710.57
200101200112 542.80
200201200212 332.54
200301200312 469.91
200401200412 491.58
200501200512 394.30
200601200612 482.06
200701200712 495.65
200801200812 471.42
200901200912 452.69
201001201012 683.70
201101201112 696.70
201201201212 471.84
201301201312 422.61
201401201412 473.38
201501201512 436.74
201601201612 532.09
201701201712 494.44
201801201812 405.85
201901201912 275.71
202001202012 486.59
202101202112 507.74
202201202212 589.22
